Lol =

  Columns 1 through 17

            1            0            0            0            0            0            0            0            0            0            0            0            0            0            0            0            0
            0            1            0            0            0            0            0            0            0            0            0            0            0            0            0            0            0
            0            0            1            0            0            0            0            0            0            0            0            0            0            0            0            0            0
            0            0            0            1            0            0            0            0            0            0            0            0            0            0            0            0            0
            0            0            0            0       2.2361            0            0            0            0            0            0            0            0            0            0            0            0
            0            0            0            0      -2.6833       3.4351            0            0            0            0            0            0            0            0            0            0            0
            0            0            0            0     -0.89443     -0.40756      0.18411            0            0            0            0            0            0            0            0            0            0
            0            0            0            0      0.44721      -1.1062     -0.27617       1.5811            0            0            0            0            0            0            0            0            0
            0            0            0            0      0.44721      -1.3973     -0.92057     -0.63246       1.2649            0            0            0            0            0            0            0            0
            0            0            0            0      0.44721     -0.81511      0.36823     -0.63246     -0.31623       1.8708            0            0            0            0            0            0            0
            0            0            0            0            0      0.29111       0.6444      0.31623     -0.63246   -7.418e-17   1.4901e-08            0            0            0            0            0            0
            0            0            0            0            0            0            0     -0.63246     -0.31623     -0.26726  -3.1931e-09       1.5584            0            0            0            0            0
            0            0            0            0            0            0            0            0            0       -1.069  -5.3218e-09     -0.18334       3.2899            0            0            0            0
            0            0            0            0            0            0            0            0            0      -3.2071  -1.5966e-08     -0.55002      -3.8084       3.9884            0            0            0
            0            0            0            0            0            0            0            0            0      0.53452   2.6609e-09      0.09167       -1.341      -0.5873      0.75013            0            0
            0            0            0            0            0            0            0            0            0      0.53452   2.6609e-09      0.09167      0.48276     -0.85165     -0.19584      0.84212            0
            0            0            0            0            0            0            0            0            0      0.53452   2.6609e-09      0.09167      0.48276     -0.85165     -0.19584     -0.34536       1.2609
            0            0            0            0            0            0            0            0            0      0.53452   2.6609e-09      0.09167      0.48276     -0.85165     -0.19584     -0.34536     -0.32524
            0            0            0            0            0            0            0            0            0      0.53452   2.6609e-09      0.09167      0.48276     -0.60092   0.00045545    -0.046144    -0.043456
            0            0            0            0            0            0            0            0            0            0            0     -0.64169     -0.03576     -0.12264    -0.081526    -0.052633    -0.049567
            0            0            0            0            0            0            0            0            0            0            0     -0.64169     -0.03576     -0.12264    -0.081526    -0.052633    -0.049567
            0            0            0            0            0            0            0            0            0            0            0            0            0            0            0            0     -0.79308
            0            0            0            0            0            0            0            0            0            0            0            0            0            0            0            0            0
            0            0            0            0            0            0            0            0            0            0            0            0            0            0            0            0            0
            0            0            0            0            0            0            0            0            0            0            0            0            0            0            0            0            0
            0            0            0            0            0            0            0            0            0            0            0            0            0            0            0            0            0
            0            0            0            0            0            0            0            0            0            0            0            0            0            0            0            0            0
            0            0            0            0            0            0            0            0            0            0            0            0            0            0            0            0            0
            0            0            0            0            0            0            0            0            0            0            0            0            0            0            0            0            0
            0            0            0            0            0            0            0            0            0            0            0            0            0            0            0            0            0

  Columns 18 through 30

            0            0            0            0            0            0            0            0            0            0            0            0            0
            0            0            0            0            0            0            0            0            0            0            0            0            0
            0            0            0            0            0            0            0            0            0            0            0            0            0
            0            0            0            0            0            0            0            0            0            0            0            0            0
            0            0            0            0            0            0            0            0            0            0            0            0            0
            0            0            0            0            0            0            0            0            0            0            0            0            0
            0            0            0            0            0            0            0            0            0            0            0            0            0
            0            0            0            0            0            0            0            0            0            0            0            0            0
            0            0            0            0            0            0            0            0            0            0            0            0            0
            0            0            0            0            0            0            0            0            0            0            0            0            0
            0            0            0            0            0            0            0            0            0            0            0            0            0
            0            0            0            0            0            0            0            0            0            0            0            0            0
            0            0            0            0            0            0            0            0            0            0            0            0            0
            0            0            0            0            0            0            0            0            0            0            0            0            0
            0            0            0            0            0            0            0            0            0            0            0            0            0
            0            0            0            0            0            0            0            0            0            0            0            0            0
            0            0            0            0            0            0            0            0            0            0            0            0            0
      0.69578            0            0            0            0            0            0            0            0            0            0            0            0
    -0.099066       1.0478            0            0            0            0            0            0            0            0            0            0            0
       -0.113    -0.012739      0.73967            0            0            0            0            0            0            0            0            0            0
       -0.113    -0.012739     -0.61228       1.0827            0            0            0            0            0            0            0            0            0
     -0.37072    -0.067943     -0.11095     -0.13854       1.0943            0            0            0            0            0            0            0            0
            0     -0.95438    -0.016437    -0.020525    -0.063521      0.29057            0            0            0            0            0            0            0
            0            0            0     -0.92362     -0.11694    -0.090804      0.35355            0            0            0            0            0            0
            0            0            0            0     -0.91383     -0.19977     -0.35355    7.319e-08            0            0            0            0            0
            0            0            0            0            0            0            0            0       1.4142            0            0            0            0
            0            0            0            0            0            0            0            0     -0.70711      0.70711            0            0            0
            0            0            0            0            0            0            0            0     -0.70711     -0.70711       1.4142            0            0
            0            0            0            0            0            0            0            0            0            0     -0.70711      0.70711            0
            0            0            0            0            0            0            0            0            0            0     -0.70711     -0.70711            1



b =

     0     1     2     3     0     0     0     0     0     0     0     0     0     0     0     0     0     0     0     0     0     0     0     0     0     0     0     0     0     4



ans =

  Columns 1 through 17

            1            0            0            0            0            0            0            0            0            0            0            0            0            0            0            0            0
            0            1            0            0            0            0            0            0            0            0            0            0            0            0            0            0            0
            0            0            1            0            0            0            0            0            0            0            0            0            0            0            0            0            0
            0            0            0            1            0            0            0            0            0            0            0            0            0            0            0            0            0
            0            0            0            0       2.2361      -2.6833     -0.89443      0.44721      0.44721      0.44721            0            0            0            0            0            0            0
            0            0            0            0            0       3.4351     -0.40756      -1.1062      -1.3973     -0.81511      0.29111            0            0            0            0            0            0
            0            0            0            0            0            0      0.18411     -0.27617     -0.92057      0.36823       0.6444            0            0            0            0            0            0
            0            0            0            0            0            0            0       1.5811     -0.63246     -0.63246      0.31623     -0.63246            0            0            0            0            0
            0            0            0            0            0            0            0            0       1.2649     -0.31623     -0.63246     -0.31623            0            0            0            0            0
            0            0            0            0            0            0            0            0            0       1.8708   -7.418e-17     -0.26726       -1.069      -3.2071      0.53452      0.53452      0.53452
            0            0            0            0            0            0            0            0            0            0   1.4901e-08  -3.1931e-09  -5.3218e-09  -1.5966e-08   2.6609e-09   2.6609e-09   2.6609e-09
            0            0            0            0            0            0            0            0            0            0            0       1.5584     -0.18334     -0.55002      0.09167      0.09167      0.09167
            0            0            0            0            0            0            0            0            0            0            0            0       3.2899      -3.8084       -1.341      0.48276      0.48276
            0            0            0            0            0            0            0            0            0            0            0            0            0       3.9884      -0.5873     -0.85165     -0.85165
            0            0            0            0            0            0            0            0            0            0            0            0            0            0      0.75013     -0.19584     -0.19584
            0            0            0            0            0            0            0            0            0            0            0            0            0            0            0      0.84212     -0.34536
            0            0            0            0            0            0            0            0            0            0            0            0            0            0            0            0       1.2609
            0            0            0            0            0            0            0            0            0            0            0            0            0            0            0            0            0
            0            0            0            0            0            0            0            0            0            0            0            0            0            0            0            0            0
            0            0            0            0            0            0            0            0            0            0            0            0            0            0            0            0            0
            0            0            0            0            0            0            0            0            0            0            0            0            0            0            0            0            0
            0            0            0            0            0            0            0            0            0            0            0            0            0            0            0            0            0
            0            0            0            0            0            0            0            0            0            0            0            0            0            0            0            0            0
            0            0            0            0            0            0            0            0            0            0            0            0            0            0            0            0            0
            0            0            0            0            0            0            0            0            0            0            0            0            0            0            0            0            0
            0            0            0            0            0            0            0            0            0            0            0            0            0            0            0            0            0
            0            0            0            0            0            0            0            0            0            0            0            0            0            0            0            0            0
            0            0            0            0            0            0            0            0            0            0            0            0            0            0            0            0            0
            0            0            0            0            0            0            0            0            0            0            0            0            0            0            0            0            0
            0            0            0            0            0            0            0            0            0            0            0            0            0            0            0            0            0

  Columns 18 through 30

            0            0            0            0            0            0            0            0            0            0            0            0            0
            0            0            0            0            0            0            0            0            0            0            0            0            0
            0            0            0            0            0            0            0            0            0            0            0            0            0
            0            0            0            0            0            0            0            0            0            0            0            0            0
            0            0            0            0            0            0            0            0            0            0            0            0            0
            0            0            0            0            0            0            0            0            0            0            0            0            0
            0            0            0            0            0            0            0            0            0            0            0            0            0
            0            0            0            0            0            0            0            0            0            0            0            0            0
            0            0            0            0            0            0            0            0            0            0            0            0            0
      0.53452      0.53452            0            0            0            0            0            0            0            0            0            0            0
   2.6609e-09   2.6609e-09            0            0            0            0            0            0            0            0            0            0            0
      0.09167      0.09167     -0.64169     -0.64169            0            0            0            0            0            0            0            0            0
      0.48276      0.48276     -0.03576     -0.03576            0            0            0            0            0            0            0            0            0
     -0.85165     -0.60092     -0.12264     -0.12264            0            0            0            0            0            0            0            0            0
     -0.19584   0.00045545    -0.081526    -0.081526            0            0            0            0            0            0            0            0            0
     -0.34536    -0.046144    -0.052633    -0.052633            0            0            0            0            0            0            0            0            0
     -0.32524    -0.043456    -0.049567    -0.049567     -0.79308            0            0            0            0            0            0            0            0
      0.69578    -0.099066       -0.113       -0.113     -0.37072            0            0            0            0            0            0            0            0
            0       1.0478    -0.012739    -0.012739    -0.067943     -0.95438            0            0            0            0            0            0            0
            0            0      0.73967     -0.61228     -0.11095    -0.016437            0            0            0            0            0            0            0
            0            0            0       1.0827     -0.13854    -0.020525     -0.92362            0            0            0            0            0            0
            0            0            0            0       1.0943    -0.063521     -0.11694     -0.91383            0            0            0            0            0
            0            0            0            0            0      0.29057    -0.090804     -0.19977            0            0            0            0            0
            0            0            0            0            0            0      0.35355     -0.35355            0            0            0            0            0
            0            0            0            0            0            0            0    7.319e-08            0            0            0            0            0
            0            0            0            0            0            0            0            0       1.4142     -0.70711     -0.70711            0            0
            0            0            0            0            0            0            0            0            0      0.70711     -0.70711            0            0
            0            0            0            0            0            0            0            0            0            0       1.4142     -0.70711     -0.70711
            0            0            0            0            0            0            0            0            0            0            0      0.70711     -0.70711
            0            0            0            0            0            0            0            0            0            0            0            0            1

 

y =

     0     1     2     3     0     0     0     0     0     0     0     0     0     0     0     0     0     0     0     0     0     0     0     0     0     0     0     0     0     4



actx =

            0
            1
            2
            3
            0
            0
            0
            0
            0
            0
            0
            0
            0
            0
            0
            0
            0
            0
            0
            0
            0
            0
            0
            0
            0
            4
            4
            4
            4
            4


actL = reconstruct_gustavson(ColumnL,ValueL,TotalL)
actLT = reconstruct_gustavson(ColumnLT,ValueLT,TotalLT)
actA = reconstruct_gustavson(ColumnA,ValueA,TotalA)

ans =

           -1
           -2
           -2
           -1
            1
            1
            3
            0
            0
            0
            0
            0
            0
            0
            3
            0
            0
            0
            0
            0
            0
            0
            0
            0
            0
            0
            0
            0
            0
            0
            0
            0
            0
           -4
           -4
   8.8818e-16
  -8.8818e-16
  -1.3323e-15
  -4.4409e-16
           -4
           -4

flag(1:41,1) = 1:41
flag(1:41,2) = actA*theta

ans =

            0
            0
            0
            0
            0
            0
            0
            0
            0
            0
            0
            0
            0
            0
            0
            1
            0
            0
            0
            0
            0
            0
            2
            0
            4
            4
            4
            4
            4
            3





