actual_G =

     5    -6    -2     1     1     1     0     0     0     0     0     0     0     0     0     0     0     0     0     0     0     0     0     0     0     0     0     0     0     0
    -6    19     1    -5    -6    -4     1     0     0     0     0     0     0     0     0     0     0     0     0     0     0     0     0     0     0     0     0     0     0     0
    -2     1     1     0     0     0     0     0     0     0     0     0     0     0     0     0     0     0     0     0     0     0     0     0     0     0     0     0     0     0
     1    -5     0     4     1     0     0     0     0     0     0    -1     0     0     0     0     0     0     0     0     0     0     0     0     0     0     0     0     0     0
     1    -6     0     1     5     1    -2     0     0     0     0     0     0     0     0     0     0     0     0     0     0     0     0     0     0     0     0     0     0     0
     1    -4     0     0     1     5     0     0    -2    -6     1     0     0     0     0     0     1     0     0     1     1     1     0     0     0     0     0     0     0     0
     0     1     0     0    -2     0     1     0     0     0     0     0     0     0     0     0     0     0     0     0     0     0     0     0     0     0     0     0     0     0
     0     0     0     0     0     0     0     0     0     0     0     0     0     0     0     0     0     0     0     0     0     0     0     0     0     0     0     0     0     0
     0     0     0     0     0    -2     0     0    12    -9    -5     0     0     0     0     0     1     0     0     1     1     1     0     0     0     0     0     0     0     0
     0     0     0     0     0    -6     0     0    -9    41     1     0     0     0     0     0    -7     0     0    -7    -7    -6     0     0     0     0     0     0     0     0
     0     0     0     0     0     1     0     0    -5     1     3     0     0     0     0     0     0     0     0     0     0     0     0     0     0     0     0     0     0     0
     0     0     0    -1     0     0     0     0     0     0     0     3    -1    -1     0     0     0     0     0     0     0     0     0     0     0     0     0     0     0     0
     0     0     0     0     0     0     0     0     0     0     0    -1     1     0     0     0     0     0     0     0     0     0     0     0     0     0     0     0     0     0
     0     0     0     0     0     0     0     0     0     0     0    -1     0     2    -1     0     0     0     0     0     0     0     0     0     0     0     0     0     0     0
     0     0     0     0     0     0     0     0     0     0     0     0     0    -1     1     0     0     0     0     0     0     0     0     0     0     0     0     0     0     0
     0     0     0     0     0     0     0     0     0     0     0     0     0     0     0     0     0     0     0     0     0     0     0     0     0     0     0     0     0     0
     0     0     0     0     0     1     0     0     1    -7     0     0     0     0     0     0     2     0     0     1     1     1     0     0     0     0     0     0     0     0
     0     0     0     0     0     0     0     0     0     0     0     0     0     0     0     0     0     1    -1     0     0     0     0     0     0     0     0     0     0     0
     0     0     0     0     0     0     0     0     0     0     0     0     0     0     0     0     0    -1     2    -1     0     0     0     0     0     0     0     0     0     0
     0     0     0     0     0     1     0     0     1    -7     0     0     0     0     0     0     1     0    -1     3     1     1     0     0     0     0     0     0     0     0
     0     0     0     0     0     1     0     0     1    -7     0     0     0     0     0     0     1     0     0     1     2     1     0     0     0     0     0     0     0     0
     0     0     0     0     0     1     0     0     1    -6     0     0     0     0     0     0     1     0     0     1     1     2     0    -1     0     0     0     0     0     0
     0     0     0     0     0     0     0     0     0     0     0     0     0     0     0     0     0     0     0     0     0     0     0     0     0     0     0     0     0     0
     0     0     0     0     0     0     0     0     0     0     0     0     0     0     0     0     0     0     0     0     0    -1     0     1     0     0     0     0     0     0
     0     0     0     0     0     0     0     0     0     0     0     0     0     0     0     0     0     0     0     0     0     0     0     0     2    -1    -1     0     0     0
     0     0     0     0     0     0     0     0     0     0     0     0     0     0     0     0     0     0     0     0     0     0     0     0    -1     1     0     0     0     0
     0     0     0     0     0     0     0     0     0     0     0     0     0     0     0     0     0     0     0     0     0     0     0     0    -1     0     3    -1    -1     0
     0     0     0     0     0     0     0     0     0     0     0     0     0     0     0     0     0     0     0     0     0     0     0     0     0     0    -1     1     0     0
     0     0     0     0     0     0     0     0     0     0     0     0     0     0     0     0     0     0     0     0     0     0     0     0     0     0    -1     0     1     0
     0     0     0     0     0     0     0     0     0     0     0     0     0     0     0     0     0     0     0     0     0     0     0     0     0     0     0     0     0     0


ans =
     1     2     3     4     5     6     7     8     9     10    11    12    13    14    15    16    17    18    19    20    21    22    23    24    25    26    27    28    29    30

     0     0     0     0     0     0     0     0     0     0     0     0     0     0     0     0     0     0     0     0     0     0     0     0     0     0     0     0     0     0
     0     0     0     0     0     0     0     0     0     0     0     0     0     0     0     0     0     0     0     0     0     0     0     0     0     0     0     0     0     0
     0     0     0     0     0     0     0     0     0     0     0     0     0     0     0     0     0     0     0     0     0     0     0     0     0     0     0     0     0     0
     0     0     0     0     0     0     0     0     0     0     0     0     0     0     0     0     0     0     0     0     0     0     0     0     0     0     0     0     0     0
     0     0     0     0     5    -6    -2     1     1     1     0     0     0     0     0     0     0     0     0     0     0     0     0     0     0     0     0     0     0     0
     0     0     0     0    -6    19     1    -5    -6    -4     1     0     0     0     0     0     0     0     0     0     0     0     0     0     0     0     0     0     0     0
     0     0     0     0    -2     1     1     0     0     0     0     0     0     0     0     0     0     0     0     0     0     0     0     0     0     0     0     0     0     0
     0     0     0     0     1    -5     0     4     1     0     0    -1     0     0     0     0     0     0     0     0     0     0     0     0     0     0     0     0     0     0
     0     0     0     0     1    -6     0     1     5     1    -2     0     0     0     0     0     0     0     0     0     0     0     0     0     0     0     0     0     0     0
     0     0     0     0     1    -4     0     0     1     5     0     0    -2    -6     1     1     1     1     1     0     0     0     0     0     0     0     0     0     0     0
     0     0     0     0     0     1     0     0    -2     0     1     0     0     0     0     0     0     0     0     0     0     0     0     0     0     0     0     0     0     0
     0     0     0     0     0     0     0    -1     0     0     0     3     0     0     0     0     0     0     0    -1    -1     0     0     0     0     0     0     0     0     0
     0     0     0     0     0     0     0     0     0    -2     0     0    12    -9    -5     1     1     1     1     0     0     0     0     0     0     0     0     0     0     0
     0     0     0     0     0     0     0     0     0    -6     0     0    -9    41     1    -7    -7    -7    -6     0     0     0     0     0     0     0     0     0     0     0
     0     0     0     0     0     0     0     0     0     1     0     0    -5     1     3     0     0     0     0     0     0     0     0     0     0     0     0     0     0     0
     0     0     0     0     0     0     0     0     0     1     0     0     1    -7     0     2     1     1     1     0     0     0     0     0     0     0     0     0     0     0
     0     0     0     0     0     0     0     0     0     1     0     0     1    -7     0     1     3     1     1     0     0    -1     0     0     0     0     0     0     0     0
     0     0     0     0     0     0     0     0     0     1     0     0     1    -7     0     1     1     2     1     0     0     0     0     0     0     0     0     0     0     0
     0     0     0     0     0     0     0     0     0     1     0     0     1    -6     0     1     1     1     2     0     0     0    -1     0     0     0     0     0     0     0
     0     0     0     0     0     0     0     0     0     0     0    -1     0     0     0     0     0     0     0     1     0     0     0     0     0     0     0     0     0     0
     0     0     0     0     0     0     0     0     0     0     0    -1     0     0     0     0     0     0     0     0     2     0     0    -1     0     0     0     0     0     0
     0     0     0     0     0     0     0     0     0     0     0     0     0     0     0     0    -1     0     0     0     0     2     0     0    -1     0     0     0     0     0
     0     0     0     0     0     0     0     0     0     0     0     0     0     0     0     0     0     0    -1     0     0     0     1     0     0     0     0     0     0     0
     0     0     0     0     0     0     0     0     0     0     0     0     0     0     0     0     0     0     0     0    -1     0     0     1     0     0     0     0     0     0
     0     0     0     0     0     0     0     0     0     0     0     0     0     0     0     0     0     0     0     0     0    -1     0     0     1     0     0     0     0     0
     0     0     0     0     0     0     0     0     0     0     0     0     0     0     0     0     0     0     0     0     0     0     0     0     0     2    -1    -1     0     0
     0     0     0     0     0     0     0     0     0     0     0     0     0     0     0     0     0     0     0     0     0     0     0     0     0    -1     1     0     0     0
     0     0     0     0     0     0     0     0     0     0     0     0     0     0     0     0     0     0     0     0     0     0     0     0     0    -1     0     3    -1    -1
     0     0     0     0     0     0     0     0     0     0     0     0     0     0     0     0     0     0     0     0     0     0     0     0     0     0     0    -1     1     0
     0     0     0     0     0     0     0     0     0     0     0     0     0     0     0     0     0     0     0     0     0     0     0     0     0     0     0    -1     0     1


edges =

     1     4
     1     6
     1     7
     2     5
     2     8
     3     4
     3     5
     4     6
     4     7
     4     9
     5     8
     7     8


B =

       10.352      0.45334      0.37372      0.50013      0.51192      0.35863      0.80512       0.5855      0.58035       0.4013
      0.45334       10.054      0.66254      0.43149      0.94795      0.52028      0.59544      0.25952      0.20082      0.34514
      0.37372      0.66254       10.311      0.37876     0.085141      0.39191      0.30696       0.7784      0.46545      0.78467
      0.50013      0.43149      0.37876       10.913      0.46364      0.54481       0.5258      0.97046      0.24104      0.22904
      0.51192      0.94795     0.085141      0.46364       10.817      0.50712      0.24312      0.44532      0.17816      0.42155
      0.35863      0.52028      0.39191      0.54481      0.50712       10.136      0.47263      0.53448      0.34092      0.15697
      0.80512      0.59544      0.30696       0.5258      0.24312      0.47263        10.24      0.23052      0.56298      0.44453
       0.5855      0.25952       0.7784      0.97046      0.44532      0.53448      0.23052         10.9      0.66269      0.42146
      0.58035      0.20082      0.46545      0.24104      0.17816      0.34092      0.56298      0.66269       10.575      0.35376
       0.4013      0.34514      0.78467      0.22904      0.42155      0.15697      0.44453      0.42146      0.35376       10.451


G =

    63     9     6    21     4
     9     9     0     0     0
     6     0    73     0     8
    21     0     0     9     0
     4     0     8     0    17


flagC =

     1     2     3     4     5     1     2     1     3     5     1     4     1     3     5

flagV =

    63     9     6    21     4     9     9     6    73     8    21     9     4     8    17

flagT =

     1     6     8    11    13    16




     1     8
     2    16
     3    23
     4    30
     5     1
     6     2
     7     3
     8     4
     9     5
    10     6
    11     7
    12    12
    13     9
    14    10
    15    11
    16    17
    17    20
    18    21
    19    22
    20    13
    21    14
    22    19
    23    24
    24    15
    25    18
    26    25
    27    26
    28    27
    29    28
    30    29



reconstruct_gustavson(ColumnGnew,ValueGnew,TotalGnew)



ColumnG =

  Columns 1 through 37

     1     2     3     4     5     6     1     2     3     4     5     6     7     1     2     3     1     2     4     5    12     1     2     4     5     6     7     1     2     5     6     9    10    11    17    20    21

  Columns 38 through 74

    22     2     5     7     6     9    10    11    17    20    21    22     6     9    10    11    17    20    21    22     6     9    10    11     4    12    13    14    12    13    12    14    15    14    15     6     9

  Columns 75 through 111

    10    17    20    21    22    18    19    18    19    20     6     9    10    17    19    20    21    22     6     9    10    17    20    21    22     6     9    10    17    20    21    22    24    22    24    25    26

  Columns 112 through 122

    27    25    26    25    27    28    29    27    28    27    29



ValueG =

  Columns 1 through 37

     5    -6    -2     1     1     1    -6    19     1    -5    -6    -4     1    -2     1     1     1    -5     4     1    -1     1    -6     1     5     1    -2     1    -4     1     5    -2    -6     1     1     1     1

  Columns 38 through 74

     1     1    -2     1    -2    12    -9    -5     1     1     1     1    -6    -9    41     1    -7    -7    -7    -6     1    -5     1     3    -1     3    -1    -1    -1     1    -1     2    -1    -1     1     1     1

  Columns 75 through 111

    -7     2     1     1     1     1    -1    -1     2    -1     1     1    -7     1    -1     3     1     1     1     1    -7     1     1     2     1     1     1    -6     1     1     1     2    -1    -1     1     2    -1

  Columns 112 through 122

    -1    -1     1    -1     3    -1    -1    -1     1    -1     1



TotalG =

     1     7    14    17    22    28    39    42    42    50    58    62    66    68    71    73    73    80    82    85    93   100   108   108   110   113   115   119   121   123   123



     1     3
     2     3
     3     5
     5     6

     2     3     5


>>



ans =

     3     0     0     0     0     0     0     0     0     0     0     0     0     0     0     0     0     0     0     0     0     0     0     0     0     0     0     0     0     0
     3     4     0     0     0     0     0     0     0     0     0     0     0     0     0     0     0     0     0     0     0     0     0     0     0     0     0     0     0     0
     1     1     1     0     0     0     0     0     0     0     0     0     0     0     0     0     0     0     0     0     0     0     0     0     0     0     0     0     0     0
     1     2     1     2     0     0     0     0     0     0     0     0     0     0     0     0     0     0     0     0     0     0     0     0     0     0     0     0     0     0
     1     2     1     1     2     0     0     0     0     0     0     0     0     0     0     0     0     0     0     0     0     0     0     0     0     0     0     0     0     0
     1     1     1     1     1     2     0     0     0     0     0     0     0     0     0     0     0     0     0     0     0     0     0     0     0     0     0     0     0     0
     0     1     1     1     1     1     1     0     0     0     0     0     0     0     0     0     0     0     0     0     0     0     0     0     0     0     0     0     0     0
     0     0     0     0     0     0     0     1     0     0     0     0     0     0     0     0     0     0     0     0     0     0     0     0     0     0     0     0     0     0
     0     0     0     0     0     2     1     0     4     0     0     0     0     0     0     0     0     0     0     0     0     0     0     0     0     0     0     0     0     0
     0     0     0     0     0     4     1     0     4     5     0     0     0     0     0     0     0     0     0     0     0     0     0     0     0     0     0     0     0     0
     0     0     0     0     0     1     1     0     2     1     1     0     0     0     0     0     0     0     0     0     0     0     0     0     0     0     0     0     0     0
     0     0     0     1     1     1     1     0     1     1     1     2     0     0     0     0     0     0     0     0     0     0     0     0     0     0     0     0     0     0
     0     0     0     0     0     0     0     0     0     0     0     1     1     0     0     0     0     0     0     0     0     0     0     0     0     0     0     0     0     0
     0     0     0     0     0     0     0     0     0     0     0     1     1     2     0     0     0     0     0     0     0     0     0     0     0     0     0     0     0     0
     0     0     0     0     0     0     0     0     0     0     0     0     0     1     1     0     0     0     0     0     0     0     0     0     0     0     0     0     0     0
     0     0     0     0     0     0     0     0     0     0     0     0     0     0     0     1     0     0     0     0     0     0     0     0     0     0     0     0     0     0
     0     0     0     0     0     1     1     0     1     1     1     1     1     1     1     0     1     0     0     0     0     0     0     0     0     0     0     0     0     0
     0     0     0     0     0     0     0     0     0     0     0     0     0     0     0     0     0     1     0     0     0     0     0     0     0     0     0     0     0     0
     0     0     0     0     0     0     0     0     0     0     0     0     0     0     0     0     0     1     1     0     0     0     0     0     0     0     0     0     0     0
     0     0     0     0     0     1     1     0     1     1     1     1     1     1     1     0     1     0     1     1     0     0     0     0     0     0     0     0     0     0
     0     0     0     0     0     1     1     0     1     1     1     1     1     1     1     0     1     0     0     1     1     0     0     0     0     0     0     0     0     0
     0     0     0     0     0     1     1     0     1     1     1     1     1     1     1     0     1     0     0     1     1     2     0     0     0     0     0     0     0     0
     0     0     0     0     0     0     0     0     0     0     0     0     0     0     0     0     0     0     0     0     0     0     1     0     0     0     0     0     0     0
     0     0     0     0     0     0     0     0     0     0     0     0     0     0     0     0     0     0     0     0     0     1     0     1     0     0     0     0     0     0
     0     0     0     0     0     0     0     0     0     0     0     0     0     0     0     0     0     0     0     0     0     0     0     0     2     0     0     0     0     0
     0     0     0     0     0     0     0     0     0     0     0     0     0     0     0     0     0     0     0     0     0     0     0     0     1     1     0     0     0     0
     0     0     0     0     0     0     0     0     0     0     0     0     0     0     0     0     0     0     0     0     0     0     0     0     1     1     2     0     0     0
     0     0     0     0     0     0     0     0     0     0     0     0     0     0     0     0     0     0     0     0     0     0     0     0     0     0     1     1     0     0
     0     0     0     0     0     0     0     0     0     0     0     0     0     0     0     0     0     0     0     0     0     0     0     0     0     0     1     1     1     0
     0     0     0     0     0     0     0     0     0     0     0     0     0     0     0     0     0     0     0     0     0     0     0     0     0     0     0     0     0     1


ans =

      0.33333
        -0.25
      0.91667
        0.125
      -0.4375
     -0.34375
            0
            0
      0.17188
       0.3375
            0
            0
            0
            0
            1
            0
            0
            0
            0
            0
            0
            0
            0
            0
            0
            0
            0
            0
            0
            0



 myyLT =

     3     3     1     1     1     1     0     0     0     0
     0     4     1     2     2     1     1     0     0     0
     0     0     1     1     1     1     1     0     0     0
     0     0     0     2     1     1     1     0     0     0
     0     0     0     0     2     1     1     0     0     0
     0     0     0     0     0     2     1     0     2     4
     0     0     0     0     0     0     1     0     1     1
     0     0     0     0     0     0     0     1     0     0
     0     0     0     0     0     0     0     0     4     4
     0     0     0     0     0     0     0     0     0     5


actx =

      0.11812
     -0.33058
        1.031
      0.23938
    -0.083743
     -0.21598
    -0.054036
            1
      0.01612
       0.0275


ans =

      0.11296
     -0.32542
       1.0242
       0.2325
    -0.097493
     -0.18848
    -0.054036
            1
      0.04362
       0.0275




