    -1    -1     0     0     0     0     0     0     0     0     0     0     0     0     0     0     0     0     0     0     0     0     0     0     0     0     0     0     0     0
     0     0     0     0     0    -1     0     0     0     5     0     0     0     0     0     0     0     0     0     0     0     0     0     0    -1    -1    -1    -1     0     0
     0     0     0     0     0    -1     0     0     3     0     0     0    -1    -1     0     0     0     0     0     0     0     0     0     0     0     0     0     0     0     0
     0     0     0     0     0    -1     0     0     0     0     1     0     0     0     0     0     0     0     0     0     0     0     0     0     0     0     0     0     0     0
     0    -1     0     0     2     0     0    -1     0     0     0     0     0     0     0     0     0     0     0     0     0     0     0     0     0     0     0     0     0     0
    -1     4    -1     0    -1    -1     0     0     0     0     0     0     0     0     0     0     0     0     0     0     0     0     0     0     0     0     0     0     0     0
     0     0     0     0     0     0     0     0     0     0     0     0     0     0     0     0     0     0     0     0     0     0     0     0     1    -1     0     0     0     0
     0     0     0     0     0     0     0     0     1     0    -1     0     0     0     0     0     0     0     0     0     0     0     0     0     0     0     0     0     0     0
     0     0     0     0     0     0     0     0     0     1     0     0     0     0     0     0     0     0     0    -1     0     0     0     0     0     0     0     0     0     0
     0     0     0     0     0     0     0     0     0     1     0     0     0     0     0     0     0     0     0     0    -1     0     0     0     0     0     0     0     0     0
     0     0     0     0     0     0     0     0     0     0     0    -1     1     0     0     0     0     0     0     0     0     0     0     0     0     0     0     0     0     0
     0     0     0     0     0     0     0     0     0     0     0     0     0     0     0     0     0     0     0     0     0     0     0     0     0     0    -1     0     1     0
     0     0     0     1     0    -1     0     0     0     0     0     0     0     0     0     0     0     0     0     0     0     0     0     0     0     0     0     0     0     0
     0     0     0    -1     0     0     0     0     0     0     0     1     0     0     0     0     0     0     0     0     0     0     0     0     0     0     0     0     0     0
     0     1     0    -1     0     0     0     0     0     0     0     0     0     0     0     0     0     0     0     0     0     0     0     0     0     0     0     0     0     0
     0     0     0     0     0     0     0     0     0     0     0     0     0     0     0     0     0     0     0     0     0     1     0    -1     0     0     0     0     0     0
     0     0     0     0     0     0     0     0     0     0     0     1     0    -1     0     0     0     0     0     0     0     0     0     0     0     0     0     0     0     0
     0     0     0     0     0     1     0     0     0    -1     0     0     0     0     0     0     0     0     0     0     0     0     0     0     0     0     0     0     0     0
     0     0     0     0     0     0     0     0     0     0     0     0     0     0     0     0     0     0     0     0     0     0     0     0     0     0     1    -1     0     0
     0     0     0     0     0     0     0     0     0     0     0     0     0     0     0     0     0     0     0     0     0     0     0     0     1     0    -1     0     0     0
     0     0     0     0     0     0     0     0     0     0     0     0     0     1    -1     0     0     0     0     0     0     0     0     0     0     0     0     0     0     0
     0     0     0     0     0     0     0     0     0     0     0     0     0     0     0     0     0     0    -1     1     0     0     0     0     0     0     0     0     0     0
     0     0     0     0     0     0     0     0     0     0     0     0     0     0     0     0     0    -1     1     0     0     0     0     0     0     0     0     0     0     0
     0     0     0     0     0     0     0     0     0     1     0     0     0     0     0     0    -1     0     0     0     0     0     0     0     0     0     0     0     0     0



  1     2     3     4     5     6     7     8

 16   340    74     7   -51    44   -14    23
  2     4     5     1     5     2     4     5

  2     3    -1     5    -1     7     8    -1     



    -1    -1     0     0     0     0     0     0     0     0     0     0     0     0     0     0     0     0     0     0     0     0     0     0     0     0     0     0     0     0
     0     0     0     0     0    -1     0     0     0     5     0     0     0     0     0     0     0     0     0     0     0     0     0     0    -1    -1    -1    -1     0     0
     0     0     0     0     0    -1     0     0     3     0     0     0    -1    -1     0     0     0     0     0     0     0     0     0     0     0     0     0     0     0     0
     0     0     0     0     0    -1     0     0     0     0     1     0     0     0     0     0     0     0     0     0     0     0     0     0     0     0     0     0     0     0
     0    -1     0     0     2     0     0    -1     0     0     0     0     0     0     0     0     0     0     0     0     0     0     0     0     0     0     0     0     0     0
    -1     4    -1     0    -1    -1     0     0     0     0     0     0     0     0     0     0     0     0     0     0     0     0     0     0     0     0     0     0     0     0
     0     0     0     0     0     0     0     0     0     0     0     0     0     0     0     0     0     0     0     0     0     0     0     0     1    -1     0     0     0     0
     0     0     0     0     0     0     0     0     1     0    -1     0     0     0     0     0     0     0     0     0     0     0     0     0     0     0     0     0     0     0
     0     0     0     0     0     0     0     0     0     1     0     0     0     0     0     0     0     0     0    -1     0     0     0     0     0     0     0     0     0     0
     0     0     0     0     0     0     0     0     0     1     0     0     0     0     0     0     0     0     0     0    -1     0     0     0     0     0     0     0     0     0
     0     0     0     0     0     0     0     0     0     0     0    -1     1     0     0     0     0     0     0     0     0     0     0     0     0     0     0     0     0     0
     0     0     0     0     0     0     0     0     0     0     0     0     0     0     0     0     0     0     0     0     0     0     0     0     0     0    -1     0     1     0
     0     0     0     1     0    -1     0     0     0     0     0     0     0     0     0     0     0     0     0     0     0     0     0     0     0     0     0     0     0     0
     0     0     0    -1     0     0     0     0     0     0     0     1     0     0     0     0     0     0     0     0     0     0     0     0     0     0     0     0     0     0
     0     1     0    -1     0     0     0     0     0     0     0     0     0     0     0     0     0     0     0     0     0     0     0     0     0     0     0     0     0     0
     0     0     0     0     0     0     0     0     0     0     0     0     0     0     0     0     0     0     0     0     0     1     0    -1     0     0     0     0     0     0
     0     0     0     0     0     0     0     0     0     0     0     1     0    -1     0     0     0     0     0     0     0     0     0     0     0     0     0     0     0     0
     0     0     0     0     0     1     0     0     0    -1     0     0     0     0     0     0     0     0     0     0     0     0     0     0     0     0     0     0     0     0
     0     0     0     0     0     0     0     0     0     0     0     0     0     0     0     0     0     0     0     0     0     0     0     0     0     0     1    -1     0     0
     0     0     0     0     0     0     0     0     0     0     0     0     0     0     0     0     0     0     0     0     0     0     0     0     1     0    -1     0     0     0
     0     0     0     0     0     0     0     0     0     0     0     0     0     1    -1     0     0     0     0     0     0     0     0     0     0     0     0     0     0     0
     0     0     0     0     0     0     0     0     0     0     0     0     0     0     0     0     0     0    -1     1     0     0     0     0     0     0     0     0     0     0
     0     0     0     0     0     0     0     0     0     0     0     0     0     0     0     0     0    -1     1     0     0     0     0     0     0     0     0     0     0     0
     0     0     0     0     0     0     0     0     0     1     0     0     0     0     0     0    -1     0     0     0     0     0     0     0     0     0     0     0     0     0
